506.363165362846 0
0 33 5 2 28 45 9 10 3 46 24 34 23 12 36 6 26 47 27 41 8 4 35 13 7 19 40 18 11 42 29 43 21 37 20 25 1 22 31 39 50 38 15 44 16 14 30 48 32 17 49 
i, i, k = 0, 35, 46
505.2045514162707
true
505.2045514162709 0
0 1 22 31 39 50 38 15 44 16 14 30 25 20 37 21 43 29 42 11 18 40 19 7 13 35 4 8 41 27 47 26 6 36 12 23 34 24 46 3 10 9 45 28 2 5 33 48 32 17 49 
i, i, k = 0, 44, 45
499.8468030115602
true
499.84680301156016 0
0 5 2 28 45 9 10 3 46 24 34 23 12 36 6 26 47 27 41 8 4 35 13 7 19 40 18 11 42 29 43 21 37 20 25 30 14 16 44 15 38 50 39 31 22 1 33 48 32 17 49 
i, i, k = 0, 45, 46
493.0238342272933
true
493.0238342272934 0
0 33 5 2 28 45 9 10 3 46 24 34 23 12 36 6 26 47 27 41 8 4 35 13 7 19 40 18 11 42 29 43 21 37 20 25 30 14 16 44 15 38 50 39 31 22 1 48 32 17 49 
i, i, k = 0, 46, 50
489.4580615145536
true
489.45806151455383 0
0 48 32 17 49 1 22 31 39 50 38 15 44 16 14 30 25 20 37 21 43 29 42 11 18 40 19 7 13 35 4 8 41 27 47 26 6 36 12 23 34 24 46 3 10 9 45 28 2 5 33 
i, i, k = 0, 49, 50
489.4580615145536
true
489.4580615145536 0
0 33 5 2 28 45 9 10 3 46 24 34 23 12 36 6 26 47 27 41 8 4 35 13 7 19 40 18 11 42 29 43 21 37 20 25 30 14 16 44 15 38 50 39 31 22 1 49 17 32 48 
i, i, k = 1, 44, 50
486.18765592707024
true
486.1876559270704 0
0 33 22 1 49 17 32 48 31 39 50 38 15 44 16 14 30 25 20 37 21 43 29 42 11 18 40 19 7 13 35 4 8 41 27 47 26 6 36 12 23 34 24 46 3 10 9 45 28 2 5 
i, i, k = 2, 3, 36
482.71303385589744
true
482.7130338558976 0
0 33 22 49 17 32 48 31 39 50 38 15 44 16 14 30 25 20 37 21 43 29 42 11 18 40 19 7 13 35 4 8 41 27 47 26 1 6 36 12 23 34 24 46 3 10 9 45 28 2 5 
i, i, k = 2, 4, 5
480.1152844550085
true
480.1152844550087 0
0 33 22 32 17 49 48 31 39 50 38 15 44 16 14 30 25 20 37 21 43 29 42 11 18 40 19 7 13 35 4 8 41 27 47 26 1 6 36 12 23 34 24 46 3 10 9 45 28 2 5 
i, i, k = 2, 5, 6
477.41795020124346
true
477.41795020124357 0
0 33 22 48 32 17 49 31 39 50 38 15 44 16 14 30 25 20 37 21 43 29 42 11 18 40 19 7 13 35 4 8 41 27 47 26 1 6 36 12 23 34 24 46 3 10 9 45 28 2 5 
i, i, k = 2, 6, 7
474.86932873754654
true
474.86932873754665 0
0 33 22 31 48 32 17 49 39 50 38 15 44 16 14 30 25 20 37 21 43 29 42 11 18 40 19 7 13 35 4 8 41 27 47 26 1 6 36 12 23 34 24 46 3 10 9 45 28 2 5 
i, i, k = 2, 35, 36
473.35706076349175
true
473.35706076349186 0
0 33 22 1 31 48 32 17 49 39 50 38 15 44 16 14 30 25 20 37 21 43 29 42 11 18 40 19 7 13 35 4 8 41 27 47 26 6 36 12 23 34 24 46 3 10 9 45 28 2 5 
i, i, k = 11, 14, 15
463.66174120298064
true
463.6617412029808 0
0 33 22 1 31 48 32 17 49 39 50 38 14 15 44 16 30 25 20 37 21 43 29 42 11 18 40 19 7 13 35 4 8 41 27 47 26 6 36 12 23 34 24 46 3 10 9 45 28 2 5 
i, i, k = 15, 16, 39
460.95580261495076
true
460.9558026149509 0
0 33 22 1 31 48 32 17 49 39 50 38 14 15 44 16 25 20 37 21 43 29 42 11 18 40 19 7 13 35 4 8 41 27 47 26 6 36 12 30 23 34 24 46 3 10 9 45 28 2 5 
i, i, k = 15, 17, 18
457.2349561674649
true
457.23495616746504 0
0 33 22 1 31 48 32 17 49 39 50 38 14 15 44 16 37 20 25 21 43 29 42 11 18 40 19 7 13 35 4 8 41 27 47 26 6 36 12 30 23 34 24 46 3 10 9 45 28 2 5 
i, i, k = 15, 20, 21
451.33316845808935
true
451.3331684580894 0
0 33 22 1 31 48 32 17 49 39 50 38 14 15 44 16 29 43 21 25 20 37 42 11 18 40 19 7 13 35 4 8 41 27 47 26 6 36 12 30 23 34 24 46 3 10 9 45 28 2 5 
i, i, k = 31, 40, 41
448.29157387929706
true
448.2915738792972 0
0 33 22 1 31 48 32 17 49 39 50 38 14 15 44 16 29 43 21 25 20 37 42 11 18 40 19 7 13 35 4 8 34 23 30 12 36 6 26 47 27 41 24 46 3 10 9 45 28 2 5 
i, i, k = 31, 41, 42
447.93432406194415
true
447.93432406194415 0
0 33 22 1 31 48 32 17 49 39 50 38 14 15 44 16 29 43 21 25 20 37 42 11 18 40 19 7 13 35 4 8 24 34 23 30 12 36 6 26 47 27 41 46 3 10 9 45 28 2 5 
i, i, k = 44, 45, 46
447.33036188755744
true
447.3303618875575 0
0 33 22 1 31 48 32 17 49 39 50 38 14 15 44 16 29 43 21 25 20 37 42 11 18 40 19 7 13 35 4 8 24 34 23 30 12 36 6 26 47 27 41 46 3 9 10 45 28 2 5 
i, i, k = 44, 46, 47
440.66996283583
true
440.6699628358301 0
0 33 22 1 31 48 32 17 49 39 50 38 14 15 44 16 29 43 21 25 20 37 42 11 18 40 19 7 13 35 4 8 24 34 23 30 12 36 6 26 47 27 41 46 3 45 9 10 28 2 5 
440.6699628358301 0
0 33 22 1 31 48 32 17 49 39 50 38 14 15 44 16 29 43 21 25 20 37 42 11 18 40 19 7 13 35 4 8 24 34 23 30 12 36 6 26 47 27 41 46 3 45 9 10 28 2 5 
